10 10
10 20
10 30
10 40
10 50
10 60
20 70
20 80
20 90
20 100
20 110
20 120
20 130
30 140
30 150
30 160
30 170
30 180
30 190
30 200
30 210
30 220
30 230
30 240
40 250
40 260
40 270
40 280
40 290
40 300
40 310
50 320
50 330
50 340
50 350
50 360
50 370
50 380
50 390
50 400
50 410
50 420
50 430
50 440
50 450
50 460
50 470
50 480
50 490
50 500
50 510
50 520
50 530
50 540
50 550
50 560
50 570
50 580
50 590
50 600
50 610
50 620
50 630
90 640
90 650
90 660
100 670
100 680
100 690
100 700
100 710
100 720
150 730
150 740
150 750
150 760
150 770
150 780
150 790
150 800
150 810
150 820
150 830
150 840
150 850
150 860
150 870
250 880
250 890
250 900
250 910
270 920
270 930
280 940
280 950
430 960
440 970
540 980
990 990
1000 1000
